x<-1:20
x
2*x
